month,score,change
Jul '23,698,5
Aug '23,682,-16
Sep '23,695,13
Oct '23,708,13
Nov '23,715,7
Dec '23,703,-12
Jan '24,718,15
Feb '24,725,7
Mar '24,738,13
Apr '24,745,7
May '24,758,13
Jun '24,742,-16
